0 0,0 0,40 30,0 30,40 0,0 30,0 0,40 30,40 0,40 30,0
1 0,0 0,40
2 0,0 30,0 30,0 30,17 30,17 0,17 0,17 0,40 0,40 30,40
3 0,0 30,0 0,17 30,17 0,40 30,40 30,0 30,40
4 0,0 0,17 30,0 30,40 0,17 30,17
5 0,0 30,0 0,0 0,17 0,17 30,17 30,17 30,40 30,40 0,40
6 0,0 0,40 30,17 30,40 0,17 30,17 0,40 30,40
7 0,0 30,0 30,0 30,40
8 0,0 0,40 30,0 30,40 0,0 30,0 0,40 30,40 0,17 30,17
9 0,0 30,0 0,17 30,17 0,0 0,17 30,0 30,40
A 0,10 0,40 30,10 30,40 15,0 0,10 15,0 30,10 0,17 30,17
B 0,0 0,40 0,0 20,0 0,40 20,40 20,0 30,13 20,40 30,27 0,17 30,17 30,27 30,13
C 0,0 30,0 0,0 0,40 0,40 30,40
D 0,0 0,40 0,0 20,0 0,40 20,40 20,0 30,13 20,40 30,27 30,27 30,13
E 0,0 30,0 0,0 0,40 0,40 30,40 0,17 30,17
F 0,0 30,0 0,0 0,40 0,17 30,17
G 0,0 30,0 0,0 0,40 0,40 30,40 30,0 30,5 30,40 30,17 10,17 30,17
H 0,0 0,40 30,0 30,40 0,17 30,17
I 0,0 30,0 0,40 30,40 15,0 15,40 30,0
J 30,0 30,40 15,40 30,40 0,27 15,40
K 0,20 30,0 0,0 0,40 0,20 30,40
L 0,0 0,40 0,40 30,40
M 0,0 0,40 30,0 30,40 0,0 15,17 30,0 15,17
N 0,0 0,40 30,0 30,40 0,0 30,40
O 0,0 0,40 30,0 30,40 0,0 30,0 0,40 30,40
P 0,0 30,0 0,0 0,40 0,17 30,17 30,0 30,17
Q 0,0 30,0 0,0 0,40 30,0 30,30 30,30 20,40 20,40 0,40 30,40 20,30
R 0,0 30,0 0,0 0,40 0,17 30,17 30,0 30,17 0,17 30,40
S 0,0 30,0 0,0 0,17 0,17 30,17 30,17 30,40 30,40 0,40
T 0,0 30,0 15,0 15,40 30,0
U 0,0 0,40 30,0 30,40 0,40 30,40
V 0,0 15,40 15,40 30,0
W 0,0 0,40 30,0 30,40 0,40 15,20 15,20 30,40
X 0,0 30,40 30,0 0,40
Y 0,0 15,20 15,20 30,0 15,20 15,40
Z 0,0 30,0 30,0 0,40 0,40 30,40
© 15,0 0,5 15,0 30,5 0,5 0,35 30,5 30,35 30,35 15,40 0,35 15,40 5,10 25,10 5,30 25,30 5,10 5,30
